meter_id,serial,site,site_id,meter_type,address,role_code,ct_ratio,parent_serial,solar_names
edf3b3ba-d5fb-430c-a4ed-ae4a34d3c9df,59965602,אגודת המים עמק הירדן,c40203ac-2f3a-4445-9fd8-b3f0d08c1b2f,E360PP,סולארי גג אגודה,20,1.0000,,סולארי גג אגודה
eedfbddd-417c-4b88-8f7a-97eb61d41fef,68369298,אור הנר,9d755469-c2f7-4abd-9a48-88d1b07c3146,E360PP,מונה ייצור מבנה 4 - משרדים,20,50.0000,68369291,סולארי משרדים 4
2283531a-dc9a-4608-a736-9c6adabd6961,68369287,אור הנר,9d755469-c2f7-4abd-9a48-88d1b07c3146,E360CT,רפת 7 מונה ייצור,20,50.0000,68369290,סולארי רפת 7
0c32edb5-017f-4ee8-be8b-e88d2a42796f,68369297,אור הנר,9d755469-c2f7-4abd-9a48-88d1b07c3146,E360CT,מבנה 5 סככת טרקטורים - יצרן,20,50.0000,68369293,סולארי סככת טרקטורים 5
a079a87a-3386-4742-b6da-6bbb4be57b63,68369302,אור הנר,9d755469-c2f7-4abd-9a48-88d1b07c3146,E360CT,מבנה רפת 11 - יצרן,20,20.0000,68369292,סולארי רפת 11
5c5a14bc-3b29-4abf-8044-42102fe7675f,68369303,אור הנר,9d755469-c2f7-4abd-9a48-88d1b07c3146,E360CT,מונה ייצור לול 5,20,50.0000,70242381,סולארי לול 5
eb840668-dd64-4b45-8ef3-36525dbb6239,68369316,אור הנר,9d755469-c2f7-4abd-9a48-88d1b07c3146,E360CT,יצרן רפת גג 12+13,20,32.0000,68369283,סולארי רפת 12 13
d49a83a3-b191-4664-ab91-87ccc9e54167,75604442,אור הנר,9d755469-c2f7-4abd-9a48-88d1b07c3146,E360CT,יצרן סולארי - יונקיה,20,80.0000,75604441,סולארי יונקיה
957f3cd8-78d1-46c7-9815-fbaea5da800d,75604449,אור הנר,9d755469-c2f7-4abd-9a48-88d1b07c3146,E360CT,יצרן מתבנים,20,50.0000,75604448,סולארי מתבנים
70a7a9b1-05f6-4e07-b496-c09365e4e69a,59744419,אלומות,4094e057-97e8-4acc-ba92-e81ab119665e,E360PP,ייצור תעריפית לול,20,1.0000,81386846,ייצור  תעריפית לול
47e10026-c1cd-40e8-9679-32f9edc5b4bd,62674373,אלומות,4094e057-97e8-4acc-ba92-e81ab119665e,E360PP,ייצור תעריפית דרומית,20,50.0000,62674381,יצור תעריפית דרומית
db6cb2a8-89e6-4de5-b912-e7a47769a5b6,62674374,אלומות,4094e057-97e8-4acc-ba92-e81ab119665e,E360PP,ייצור תעריפית מתבן,20,20.0000,62674380,יצור תעריפית מתבן
a2e9a318-5744-4966-85d7-d9a9ec8b1d21,70242500,אלומות,4094e057-97e8-4acc-ba92-e81ab119665e,E360PP,סולפיין ייצור,20,1.0000,70242512,יוני יצרן
61748f4c-72ce-4b42-8809-a1a2d7e4d1bc,70242504,אלומות,4094e057-97e8-4acc-ba92-e81ab119665e,E360PP,נאומן יצרן,20,1.0000,70242498,נאומן יצרן
046df34e-8f00-4cb7-9197-26af59ef4522,71211912,אלומות,4094e057-97e8-4acc-ba92-e81ab119665e,E360PP,לשם יצרן,20,1.0000,42924723,יצרן לשם שרי ואלעד
f0be43de-a0a6-4fc9-b5b9-a231a5700b9a,71211940,אלומות,4094e057-97e8-4acc-ba92-e81ab119665e,E360PP,יצרן דר עודד ונטלי,20,1.0000,38675626,יצרן דר עודד ונטלי
9b6b5786-a7f6-41bb-9587-692cef37c6c6,82375823,אלומות,4094e057-97e8-4acc-ba92-e81ab119665e,E360PP,יצרן שמש גיל,20,1.0000,42694921,יצרן שמש גיל
80f5d6cd-5a14-4bac-b2b8-9ec40b02adb0,70242505,אלומות,4094e057-97e8-4acc-ba92-e81ab119665e,E360SP,אלישע יצרן,20,1.0000,42694916,אלישע יצרן
f2a94c9c-df5e-46c3-98ae-0a2edcf77e27,62674402,אלומות,4094e057-97e8-4acc-ba92-e81ab119665e,E360CT,ייצור תעריפית נגריה,20,50.0000,62674403,יצור תעריפית נגריה
ca28f092-d6d6-4415-b175-b12dda2bf571,62674378,אלונים,38493e06-b7dd-470d-a81d-c00634337f9f,E360CT,יצרן סולארי אלגת,20,50.0000,61230655,אלגת-ייצור
05ce1c4b-e9ba-4810-917f-277e56266601,62674383,אלונים,38493e06-b7dd-470d-a81d-c00634337f9f,E360CT,סולארי2 גרינקוט,20,40.0000,62674340,גרין קואט-ייצור2
4b4e6cde-5a4f-4765-9781-9b183f57234c,62674384,אלונים,38493e06-b7dd-470d-a81d-c00634337f9f,E360CT,סולארי1 גרינקוט,20,40.0000,62674340,גרין קואט-ייצור1
c9358429-023f-43d9-af92-dd9563a54179,42695392,אפיקים,67e307f8-d6a9-4282-bcc9-7118e1c05999,E360PP,מבנה רכב חשמלי ייצור תאמה,20,1.0000,81386967,ייצור סולארי תאמה
42afc045-aa74-49aa-98ec-2e63cca5a0bb,66248110,אפיקים,67e307f8-d6a9-4282-bcc9-7118e1c05999,E360PP,סולארי 701 גרה ענת ושגיא,20,1.0000,62674425,ייצור סולארי תמרים 701 גרה שגיא
71a9a2dc-bfbe-4931-87d4-c35dfec9c417,66248113,אפיקים,67e307f8-d6a9-4282-bcc9-7118e1c05999,E360PP,סולארי 704 פינסקי יונת ונועם,20,1.0000,59965582,ייצור סולארי תמרים 704 פינסקי נועם
010545a6-49d6-45dd-94c9-45c27f79cd0c,66248116,אפיקים,67e307f8-d6a9-4282-bcc9-7118e1c05999,E360PP,ייצור 707 לנקרי,20,1.0000,62674439,ייצור סולארי תמרים 707 לנקרי שמעון
b3ca0efd-144e-43bc-abef-c129e888a165,66248130,אפיקים,67e307f8-d6a9-4282-bcc9-7118e1c05999,E360PP,ייצור 711 גנקין,20,1.0000,66248147,ייצור סולארי תמרים 711 גנקין
dedcf77c-c7cc-4121-9635-d4a8303cfdd8,68369356,אפיקים,67e307f8-d6a9-4282-bcc9-7118e1c05999,E360PP,ייצור סולארי סככת טרקטורים,20,1.0000,81386875,ייצור סולארי סככת טרקטורים
23c1b5af-d011-4fa8-9fb2-8ceab6fd7b4e,75604433,אפיקים,67e307f8-d6a9-4282-bcc9-7118e1c05999,E360PP,326-1 ייצור סולארי קשגן,20,20.0000,70242369,ייצור סולארי קשגן
572d7daf-a5ce-4f38-8bb8-cfbacfad6e14,75604443,אפיקים,67e307f8-d6a9-4282-bcc9-7118e1c05999,E360PP,ייצור 302-1 זוהר רדיאטורים,20,16.0000,68369355,ייצור סולארי זוהר רדיאטורים
433e2d83-82ab-43bf-b0ac-3f13f10c73d5,81386837,אפיקים,67e307f8-d6a9-4282-bcc9-7118e1c05999,E360PP,ייצור סולארי 301-3 מאור הנדסה,20,40.0000,56051350,ייצור סולארי מאור הנדסה
48266419-0316-4ff1-81e3-85f2d7b0c4b5,81386838,אפיקים,67e307f8-d6a9-4282-bcc9-7118e1c05999,E360PP,ייצור סולארי מוסך שירה,20,40.0000,70242401,ייצור סולארי מוסך שירה
b7db10e2-38c5-46ae-a46a-e2e21bd66f63,81386839,אפיקים,67e307f8-d6a9-4282-bcc9-7118e1c05999,E360PP,ייצור סולארי זייבק,20,50.0000,70242403,ייצור סולארי זייבק
f54ff5af-b242-4cfd-a313-d2a757ee56df,42695423,בית זרע,923f3862-f03d-453a-bbbe-4a53fa3f0641,E360PP,"ד- 77 דרום - 124 , 3+4 יצור סולארי מש קרן",20,1.0000,42695366,ברק קרן סולארי
fb617db2-139c-42ab-bbf2-3899f981bc38,71211875,בית זרע,923f3862-f03d-453a-bbbe-4a53fa3f0641,E360PP,מונה ייצור גן כלנית,20,1.0000,71211876,
c4cdb724-baa1-4946-b225-ea483a2c0a9b,71211877,בית זרע,923f3862-f03d-453a-bbbe-4a53fa3f0641,E360PP,חינוך גן אורן יצור,21,1.0000,71211874,
0d273164-2d09-4cdd-858e-78d9b2471fae,71211878,בית זרע,923f3862-f03d-453a-bbbe-4a53fa3f0641,E360PP,מונה יצור גן פשקור,20,1.0000,71211879,
e8688a42-af98-40f9-804c-ada65667e5bc,81386825,בית זרע,923f3862-f03d-453a-bbbe-4a53fa3f0641,E360CT,נטו רפת 1,20,120.0000,D9946210379,"תעריפי נטו רפת 1 - 264 ק""ו weat"
9a7f9114-25de-4ad6-90c6-e0542f4d4a06,81386848,בית זרע,923f3862-f03d-453a-bbbe-4a53fa3f0641,E360CT,נטו רפת 4,20,80.0000,D9946210379,"תעריפי נטו רפת 4 220 ק""ו Ew"
9eff006e-7522-4c53-8683-cfbefadb6a60,81386951,גבים,4e788393-9301-4eaf-a47f-4983d8636242,E360PP,מערכת ישנה על לול 1,20,1.0000,1679174,מערכת סולארית לול 1 ישן
2a921b1e-2dbb-4a35-be50-392722b9f8d9,86604392,גבת,ed86a5b9-ae41-4317-942e-f42b0ba44aba,E360PP,רפת - סילו,20,1.0000,68369264,מערכת פוטו וולטאית קטנה
2dd2d80c-e6f5-4a2f-aec9-bbe6c246de3c,71211693,דפנה,490a865d-c4f4-4a4a-96da-14a273e7f03b,E360PP,קניונית סולארי,20,1.0000,16226539-10,קניונית
a578fa49-0def-4d49-b899-90c7f666e4ca,71212141,דפנה,490a865d-c4f4-4a4a-96da-14a273e7f03b,E360PP,גן איילים יצרן,20,1.0000,71212149,
e9cd4c1d-922f-4a33-9846-fd92ef2dbc40,71212142,דפנה,490a865d-c4f4-4a4a-96da-14a273e7f03b,E360PP,גן עופרים יצרן,20,1.0000,71212146,
83354f85-5051-42ef-9bfb-a423bd2f159e,71212145,דפנה,490a865d-c4f4-4a4a-96da-14a273e7f03b,E360PP,גן סיגלית יצרן,20,1.0000,71212148,
8d1d154b-88a5-4a97-bdbf-36f22b0134db,71212147,דפנה,490a865d-c4f4-4a4a-96da-14a273e7f03b,E360PP,גן רימון יצרן,20,1.0000,71212124,
357d5997-6e6d-4d30-a29d-e07387be177d,62674375,חוצות יגור,0cf0467c-f8e6-4807-96dc-1d154e2b7fda,E360PP,משתלה סולארי,20,16.0000,62674372,משתלה סולארי
f8251a13-f671-4d58-9312-f2a592760eec,82375695,יגור,ebb4306f-d289-422a-b3cb-ce3e8ee68bdc,E360CT,"יגור מזרח -  נטו, מבנה 701",21,80.0000,60555310,{לול דרום - סול' יגור5 ייצור}
f5e4bbf1-ffdc-4342-b809-9b0e5a2a4b1f,59965683,יסעור,35df068b-e011-4d07-88d8-5c54dca05b37,E360PP,מפעל תלדור ייצור,20,1.0000,58126882,ייצור מפעל דלתות
4d0bcf3f-81fb-4ed4-b541-08cf7560f160,59965694,יסעור,35df068b-e011-4d07-88d8-5c54dca05b37,E360PP,קובי חי - ייצור,20,1.0000,56698329,ייצור נגריה ח.קובי
1707b841-fa64-429c-8665-299ce37cffa3,61264505,יסעור,35df068b-e011-4d07-88d8-5c54dca05b37,E360CT,יצרן תעריפית ג קולחים,20,80.0000,61264508,יצרן תעריפית ג קולחין
138784c8-d756-4476-aa6c-00a18e505616,61264506,יסעור,35df068b-e011-4d07-88d8-5c54dca05b37,E360CT,יצרן תעריפית ב קולחים,20,80.0000,61264466,יצרן תעריפית ב קולחין
ba914d2a-76f0-44ff-bc8a-e990064af437,70242411,יסעור,35df068b-e011-4d07-88d8-5c54dca05b37,E360CT,יצרן א קולחים,20,80.0000,70242396,יצרן תעריפית א קולחין
8c91b801-0c8c-4c86-8c4e-45e3e44c97c9,42694903,כנרת,df584a02-6dcd-4df8-91cd-5c9e4f0c4a8f,E360PP,448,20,1.0000,42695066,ייצור פרטי  - הרשקוביץ איתן
418a9a49-abc9-48b9-aea1-a6bd305a74a8,42694904,כנרת,df584a02-6dcd-4df8-91cd-5c9e4f0c4a8f,E360PP,מחסן תבניות 2,20,1.0000,,מחסן תבניות 2
4bda36af-2524-467e-b40c-8bd81673ff41,42694920,כנרת,df584a02-6dcd-4df8-91cd-5c9e4f0c4a8f,E360PP,448,20,1.0000,42695408,ייצור גי.אר.אי מיחזור ירוק
dc28439a-b11e-4dac-a0c1-9addade44227,42695412,כנרת,df584a02-6dcd-4df8-91cd-5c9e4f0c4a8f,E360PP,בית ספר בית בנט (מערב),20,1.0000,82375704,בית ספר בית בנט (מערב)
f79608f6-8073-42dd-8366-c980b0c79848,71180579,כנרת,df584a02-6dcd-4df8-91cd-5c9e4f0c4a8f,E360PP,סככת המתנה מכון חליבה רפת,20,40.0000,58126870,סככת המתנה מכון חליבה רפת
32ecc434-8b5c-4497-b78a-69d6fc0f5af5,71212250,כנרת,df584a02-6dcd-4df8-91cd-5c9e4f0c4a8f,E360PP,422 א',20,1.0000,71212255,ייצור פרטי - מלכא כוכי ויובל
ae7768fa-57ad-4eb8-b7df-1cb7dfdb410a,71212271,כנרת,df584a02-6dcd-4df8-91cd-5c9e4f0c4a8f,E360PP,435-1,20,1.0000,71212251,ייצור פרטי - מטיאס רונן
9128de45-5abf-4ef8-bf16-e66399ceaa5f,71212273,כנרת,df584a02-6dcd-4df8-91cd-5c9e4f0c4a8f,E360PP,408-1,20,1.0000,71212270,ייצור פרטי - מלמד אלון
a9b3538d-0078-4385-a2aa-b4653bbabce9,82375913,כנרת,df584a02-6dcd-4df8-91cd-5c9e4f0c4a8f,E360PP,451,20,1.0000,42695411,ייצור פרטי - הרחול אביב והדר
83f500bb-c3a4-4440-9c26-6048b54182cc,82375916,כנרת,df584a02-6dcd-4df8-91cd-5c9e4f0c4a8f,E360PP,בית ספר בניין מרכזי (מזרח),20,1.0000,82375704,בית ספר בניין מרכזי (מזרח)
ae28b5b0-4d62-4eba-bc88-91faa416e30c,86604483,כנרת,df584a02-6dcd-4df8-91cd-5c9e4f0c4a8f,E360PP,432-1,20,1.0000,82375917,ייצור פרטי - גנץ עומרי ומאיה
ccb8b086-e2d7-45c4-aa23-51e7ffbf32b8,70242383,כנרת,df584a02-6dcd-4df8-91cd-5c9e4f0c4a8f,E360SP,תעריפית 50 רפת,20,16.0000,58126875,תעריפית 50 רפת
d53ff466-7aaa-4a90-bf4d-e3422bbb10a4,82375700,כנרת,df584a02-6dcd-4df8-91cd-5c9e4f0c4a8f,E360SP,תעריפית 100 רפת דרום,20,32.0000,58126870,תעריפית 100 רפת דרום
3052080f-20e6-4ec8-9405-bac7c57fb96e,71180556,כנרת,df584a02-6dcd-4df8-91cd-5c9e4f0c4a8f,E360CT,מחסן תבניות 1,20,1.0000,A061003499,מחסן תבניות 1
c141a2bd-5c61-4e48-b0ed-45a334ae0942,82375679,כנרת,df584a02-6dcd-4df8-91cd-5c9e4f0c4a8f,E360CT,נטו רפת,20,200.0000,58126870,רפת
ae9d4bb3-193e-47a2-b852-e8c2cdf3a537,82375680,כנרת,df584a02-6dcd-4df8-91cd-5c9e4f0c4a8f,E360CT,תעריפית מוסך,20,20.0000,62674341,תעריפית מוסך
fa0f59a2-6855-467b-85ea-f45c30e8935d,75604440,כפר דניאל,5cbf4b2b-b968-4f10-8733-a055db5cfa60,E360CT,יצור סולארי על גג המדגרה,20,50.0000,,סולארי גג מדגרה
ad6c242c-acf3-43eb-8afb-97d8ae5689d7,62674396,כפר מנחם,52e1f273-ca7b-4b75-bcc1-3b4451774e87,E360CT,ייצור מרחבית 2,20,50.0000,62674360,תעריפית רפת מרחבית 2
68016747-947e-49db-84a7-87e689e6cf9b,70242385,כפר מנחם,52e1f273-ca7b-4b75-bcc1-3b4451774e87,E360CT,בית לבוש יצור,20,20.0000,D96846210733,בית הלבוש יצור
acb87e81-6aa5-4c4a-ac22-ade80fc78d1b,65906607,מגן,c54ef394-9a51-46e1-8758-0a0a1b715ab7,E360PP,מפעל סולארי מערכת ישנה 50K,20,1.0000,1445378,סולארי מפעל מערכת ישנה
e10cf9fc-cf9b-46c8-8d1e-bd242565a7ab,42694884,מעוז חיים,f5becfd4-5193-4b55-b7a1-4c067ba9e2b9,E360PP,סולארי צ.(יצרן) - ספרינג וואלי,20,1.0000,22824183,סולארי צ. ספרינג וואלי
a3a85a95-52ff-489f-a2c5-dbccb516547b,42694954,מעוז חיים,f5becfd4-5193-4b55-b7a1-4c067ba9e2b9,E360PP,"משחקיה ניצן (יצרן), סולארי צ.",20,1.0000,22311901,סולארי צ. משחקיה ניצן
05a4c012-29b8-4b05-889d-db7c9e8e2b7f,42694955,מעוז חיים,f5becfd4-5193-4b55-b7a1-4c067ba9e2b9,E360PP,בית פשוש (יצרן) סולארי צ.,20,1.0000,22824192,סולארי צ. בית פשוש
f0f419b9-b498-40ba-a122-aa3a858a4766,42694956,מעוז חיים,f5becfd4-5193-4b55-b7a1-4c067ba9e2b9,E360PP,מטבח (יצרן) סולארי צ.,20,1.0000,1450991,סולארי צ. מטבח
5acca202-678a-4fa5-9118-75e8f8670f15,42694957,מעוז חיים,f5becfd4-5193-4b55-b7a1-4c067ba9e2b9,E360PP,"בית ניצן (יצרן) , סולארי צ.",20,1.0000,22311901,סולארי צ. בית ניצן
939fd258-721e-47a0-9560-c49f5145cc3c,42694958,מעוז חיים,f5becfd4-5193-4b55-b7a1-4c067ba9e2b9,E360PP,בית גל (יצרן) סולארי צ.,20,1.0000,81507170,סולארי צ. בית גל
d624aca0-d827-4e7f-8473-604f64bf4f3e,42694959,מעוז חיים,f5becfd4-5193-4b55-b7a1-4c067ba9e2b9,E360PP,מרפאה (יצרן) סולארי צ.,20,1.0000,81507227,סולארי צ. מרפאה
f7507fca-fc48-4a58-bb01-a05817770356,42694960,מעוז חיים,f5becfd4-5193-4b55-b7a1-4c067ba9e2b9,E360PP,בית גלילה (יצרן) סולארי צ.,20,1.0000,1450991,סולארי צ. בית גלילה
d2a954c7-40bd-40c3-ad45-49d9930d3545,42694961,מעוז חיים,f5becfd4-5193-4b55-b7a1-4c067ba9e2b9,E360PP,בית כנסת ספרינג (יצרן) סולארי צ.,20,1.0000,70242398,סולארי צ. בית כנסת ספרינג
a454ae28-5439-417a-b273-3afc48904c2a,42694962,מעוז חיים,f5becfd4-5193-4b55-b7a1-4c067ba9e2b9,E360PP,גנון לילך (יצרן) סולארי צ.,20,1.0000,21404957,סולארי צ. גנון לילך
8529352e-12d0-4fa8-8e95-894ae6de4de7,42694999,מעוז חיים,f5becfd4-5193-4b55-b7a1-4c067ba9e2b9,E360PP,סולארי פ. - ירון והבה (יצרן),20,1.0000,81386898,ירון וורד והבה - סולארי פ.
3d479b4d-b77d-44c6-9d38-f3fd0a9b4157,42695004,מעוז חיים,f5becfd4-5193-4b55-b7a1-4c067ba9e2b9,E360PP,סולארי פ.-גיורא לב טוב (יצרן),20,1.0000,,גיורא לב טוב - סולארי פ.
5a13736d-4c00-4a6f-9610-6dfdbf33f696,42695069,מעוז חיים,f5becfd4-5193-4b55-b7a1-4c067ba9e2b9,E360PP,סולארי פ. - בר ויאיר דגן (יצרן),20,1.0000,21404827,בר ואיר דגן - סולארי פ.
4696d004-e8d8-4a4b-81a9-569fe809405e,42695074,מעוז חיים,f5becfd4-5193-4b55-b7a1-4c067ba9e2b9,E360PP,סולארי פ. - אטל ורן ארד (יצרן),20,1.0000,81386990,אטל ורן ארד - סולארי פ.
d8d4ae18-a8dc-4eb8-8c70-6a1987d38a3d,42695076,מעוז חיים,f5becfd4-5193-4b55-b7a1-4c067ba9e2b9,E360PP,סולארי פ. - גיטה 07/31 (יצרן),20,1.0000,81507250,גיטה בורוכוב - סולארי פרטי
36861e73-e18a-445c-a809-c54e23e77a67,42695077,מעוז חיים,f5becfd4-5193-4b55-b7a1-4c067ba9e2b9,E360PP,סולארי פ. - לריסה וסרגי גליק  (ייצור),20,1.0000,24012853,גליק סרגי ולריסה - סולארי פ.
5ba8bb7d-0bb1-4f90-8c13-252fcbe668e5,42695078,מעוז חיים,f5becfd4-5193-4b55-b7a1-4c067ba9e2b9,E360PP,סולארי פ. - רעות אריאלי (יצרן),20,1.0000,22822895,רעות אריאלי - סולארי פ.
b227ec3e-bca5-49e8-9f4d-b0e72ce7e8e0,42695079,מעוז חיים,f5becfd4-5193-4b55-b7a1-4c067ba9e2b9,E360PP,סולארי פ. - איצקוביץ שני ואלמוג  (יצרן),20,1.0000,23832281,אלמוג ושני איצקוביץ -סולארי פ.
2cd34668-8536-4751-8ceb-33ce7fa17d64,42695084,מעוז חיים,f5becfd4-5193-4b55-b7a1-4c067ba9e2b9,E360PP,סולארי פ. - שחר ודבורית כהן (יצרן),20,1.0000,22822900,שחר ודבורית כהן - סולארי פ.
a994b7d6-2898-4c39-bc24-aab8de2d1883,42695398,מעוז חיים,f5becfd4-5193-4b55-b7a1-4c067ba9e2b9,E360PP,סולארי פ. - עומרי הדס (יצרן),20,1.0000,81386985,עומרי הדס - סולארי פ.
f3ec292b-6450-445a-adde-746da74ef3fd,42695400,מעוז חיים,f5becfd4-5193-4b55-b7a1-4c067ba9e2b9,E360PP,סולארי פ. - מאי מור 03/31(יצרן),20,1.0000,21404772,מאי מור - סולארי פ.
148e1f89-0e35-4e46-a202-f90a1af1734e,42695405,מעוז חיים,f5becfd4-5193-4b55-b7a1-4c067ba9e2b9,E360PP,סולארי פ. - סנדי ואהרון (יצרן),20,1.0000,21404956,סנדי ואהרון כהן - סולארי פ.
921f3ba6-3666-4d17-b844-7d4cc550274b,42695409,מעוז חיים,f5becfd4-5193-4b55-b7a1-4c067ba9e2b9,E360PP,סולארי פ. - יורם גזיאל (יצרן),20,1.0000,81386862,יורם גזיאל - סולארי פ.
44c34d14-99ca-4db5-97c3-7743a23b97a6,42695414,מעוז חיים,f5becfd4-5193-4b55-b7a1-4c067ba9e2b9,E360PP,סולארי פ. - צביקה הרפז (יצרן),20,1.0000,81507235,צביקה הרפז - סולארי פ.
fbfdb2c8-e2e7-4bfa-9b27-458ab66fd367,42695421,מעוז חיים,f5becfd4-5193-4b55-b7a1-4c067ba9e2b9,E360PP,סולארי פ. - ליטל ונועם רפאל (יצרן),20,1.0000,24013000,נועם וליטל רפאל - סולארי פ.
7b1d0aae-414f-4e2d-ae56-38e4290f3d4a,42695429,מעוז חיים,f5becfd4-5193-4b55-b7a1-4c067ba9e2b9,E360PP,סולארי פ.- ששון דולי ואיציק (יצרן),20,1.0000,81386992,ששון דולי ואיציק- סולארי פ.
a085ca4e-0c78-4de1-bf8d-7ee0569fe4cc,42695434,מעוז חיים,f5becfd4-5193-4b55-b7a1-4c067ba9e2b9,E360PP,סולארי פ. - לנה ואלי סיגל (יצרן),20,1.0000,81386965,לנה ואלי סיגן - סולארי פ.
aaeac00b-3ad5-498a-a811-f35c49c8e534,42695435,מעוז חיים,f5becfd4-5193-4b55-b7a1-4c067ba9e2b9,E360PP,סולארי פ. - דניאל ויערה טמקין (יצרן),20,1.0000,20393186,יערה ודניאל טמקין - סולארי פ.
ed95d4ff-3718-4244-bc0d-5e83b175516c,42695449,מעוז חיים,f5becfd4-5193-4b55-b7a1-4c067ba9e2b9,E360PP,סולארי פ. - מעיין ואריק נחום (יצרן),20,1.0000,81386899,מעין ואריק נחום- סולארי פ.
cd71b41a-f764-4a76-a962-f554a506431f,82375824,מעוז חיים,f5becfd4-5193-4b55-b7a1-4c067ba9e2b9,E360PP,סולארי פ. - גילי רפאל  (יצרן),20,1.0000,21405159,גילי רפאל - סולארי פ.
6bc06748-9337-414e-9eb4-e2a5339e2616,42695042,מעלה גלבוע,a755f8a2-f3cd-4962-a23c-62b32b619898,E360PP,מ.ייצור חדש בית אימון צפוני,20,1.0000,82375685,בית אימון צפוני חדש
5750bdc6-ec70-4eaa-84e3-29c632ce6508,42695228,מעלה גלבוע,a755f8a2-f3cd-4962-a23c-62b32b619898,E360PP,סולארי אולם ספורט,20,1.0000,42695231,מ.יצור סולארי אולם ספרט
87501dbc-894b-4036-bdb7-0b7e4c8d8203,42695233,מעלה גלבוע,a755f8a2-f3cd-4962-a23c-62b32b619898,E360PP,סולארי לול 5,20,1.0000,82375713,מונה ייצור לול 5
fefb6bba-f0b4-4b13-83d3-354f9e1bfeb2,42695310,מעלה גלבוע,a755f8a2-f3cd-4962-a23c-62b32b619898,E360PP,"סולארי מעג""ל 84",20,1.0000,42695312,מעלה גלבוע 84
31a1b88a-c068-4a40-a496-cd0559285b19,42695324,מעלה גלבוע,a755f8a2-f3cd-4962-a23c-62b32b619898,E360PP,סולארי רפת יבשות חדשה,20,1.0000,56051344,סככת רפת יבשות
89b7c10d-8fb4-4bef-88d6-a2a5f74c4841,42695327,מעלה גלבוע,a755f8a2-f3cd-4962-a23c-62b32b619898,E360PP,סולארי בית תינוקות,20,1.0000,42695286,בית תינוקות
d2b4a98d-e925-49ad-be6d-5ef53a73488b,42695345,מעלה גלבוע,a755f8a2-f3cd-4962-a23c-62b32b619898,E360PP,סולארי 72,20,1.0000,42695347,מעלה גלבוע 72
1260bcf9-f42b-44fe-9471-d0d6b22e06d9,42695351,מעלה גלבוע,a755f8a2-f3cd-4962-a23c-62b32b619898,E360PP,"סולארי מעג""ל 39",20,1.0000,1283031,מעלה גלבוע 39
66617808-e458-4d38-82f9-961e689c91b1,42695470,מעלה גלבוע,a755f8a2-f3cd-4962-a23c-62b32b619898,E360PP,סולארי מועדון,20,1.0000,42695229,מועדון
1d6a146c-400d-4a7c-9f14-d3ba5acc27c0,59965685,מעלה גלבוע,a755f8a2-f3cd-4962-a23c-62b32b619898,E360PP,מ.ייצור חדר אוכל,20,1.0000,1283031,חדר אוכל
57b1069f-936f-4c7f-99dc-c4569d2f0629,61264479,מעלה גלבוע,a755f8a2-f3cd-4962-a23c-62b32b619898,E360PP,מ.ייצור סככת גונדולות חדשה,20,50.0000,61264474, סככת גזר גונדולות
f26893e8-c03c-4131-a0c0-34e9345e6cfb,61264482,מעלה גלבוע,a755f8a2-f3cd-4962-a23c-62b32b619898,E360PP,מ.ייצור מתבן ישן,20,50.0000,61264464,מתבן ישן
41422396-0cec-4538-9e4d-d6ab1b2e7f5c,61264487,מעלה גלבוע,a755f8a2-f3cd-4962-a23c-62b32b619898,E360PP,סולארי סככת גן ירק,20,50.0000,61264507,מוסך גן ירק
83a3bbe3-aa9b-4dd3-b4ec-46c9bc3a8824,61264488,מעלה גלבוע,a755f8a2-f3cd-4962-a23c-62b32b619898,E360PP,מ.ייצור לול ד',20,50.0000,61264492,לול ד
c08dff08-8965-4c48-b9f6-744c34e825e8,61264497,מעלה גלבוע,a755f8a2-f3cd-4962-a23c-62b32b619898,E360PP,טורבינה מגרסה (קהילתית),20,32.0000,60555302,מגרסה ביו-גז 
d2b44817-2729-4d01-82c1-85abbb905411,61264501,מעלה גלבוע,a755f8a2-f3cd-4962-a23c-62b32b619898,E360PP,מ.ייצור מוסך גזר,20,50.0000,61264463,מוסך גזר
39184166-6a86-4ac5-bdb0-23b3284e2a8d,62674407,מעלה גלבוע,a755f8a2-f3cd-4962-a23c-62b32b619898,E360PP,מ.ייצור קירור גזר,20,1.0000,5260233,גזר קירור חדש
b73082b4-756a-4358-a4c0-cf9c99306ecf,62674409,מעלה גלבוע,a755f8a2-f3cd-4962-a23c-62b32b619898,E360PP,מ.ייצור בית אימון חדש,20,1.0000,82375685,מ.יצור בית אימון
6ee84b4c-2231-459b-b348-bfcd31648bc0,62674410,מעלה גלבוע,a755f8a2-f3cd-4962-a23c-62b32b619898,E360PP,סולארי מערך גזר,20,1.0000,5260233,מערך גזר- חובר עי חחי
0ec89892-1525-4f30-b1dc-65f12740bad9,62674420,מעלה גלבוע,a755f8a2-f3cd-4962-a23c-62b32b619898,E360PP,מ.ייצור לול ב,20,1.0000,56908628,לול קרוב ב
e4664ea5-d0e4-4612-8ea7-4ba039006076,62674422,מעלה גלבוע,a755f8a2-f3cd-4962-a23c-62b32b619898,E360PP,מ.ייצור לול ו צפוני חדש,20,1.0000,62674390,לול קרוב ו חדש
73e3ba50-31d3-458e-be22-ec70dd558f16,62674423,מעלה גלבוע,a755f8a2-f3cd-4962-a23c-62b32b619898,E360PP,מונה ייצור סולארי מכון חליבה,20,1.0000,82375721,מכון חליבה
f25132a0-e98e-4f90-8ef0-7a678192d918,62674424,מעלה גלבוע,a755f8a2-f3cd-4962-a23c-62b32b619898,E360PP,מ.ייצור סולארי לול קרוב ו',20,1.0000,62674390,לול קרוב ו
29014333-afe3-4fb0-8c41-51eafb10348d,62674468,מעלה גלבוע,a755f8a2-f3cd-4962-a23c-62b32b619898,E360PP,מ.ייצור גן חצב,20,1.0000,1092372,גן חצב
8f6f9b5d-4ab1-418b-94a1-e317f76bac74,62674469,מעלה גלבוע,a755f8a2-f3cd-4962-a23c-62b32b619898,E360PP,מ.ייצור מעון חדש,20,1.0000,42695282,מעון חדש
3139f67b-3dca-40c0-9911-65c85e64e98b,62674470,מעלה גלבוע,a755f8a2-f3cd-4962-a23c-62b32b619898,E360PP,מ.ייצור מתנסון,20,1.0000,1092372,מתנסון
2d18dca5-b684-46b3-b45f-d5d91f1fb9d7,62674471,מעלה גלבוע,a755f8a2-f3cd-4962-a23c-62b32b619898,E360PP,מ.ייצור מתבן,20,1.0000,42695085,מתבן
c5e8b74d-778b-4f83-a4d0-785702adb865,61264490,מעלה גלבוע,a755f8a2-f3cd-4962-a23c-62b32b619898,E360CT,מ.ייצור סולארי סככת העמסה,20,50.0000,61264504,סככת גזר העמס
281692e3-fb04-4cee-9ea9-fe2b17ed6d74,61264491,מעלה גלבוע,a755f8a2-f3cd-4962-a23c-62b32b619898,E360CT,סולארי בית אימון דרומי,20,80.0000,82375725,בית אימון דרומי
4fe80d01-09d2-4009-88c1-3b65447c5c78,61264510,מעלה גלבוע,a755f8a2-f3cd-4962-a23c-62b32b619898,E360CT,מ.ייצור דיר,20,50.0000,56908625,דיר עגלות
a2048d31-bc87-463a-8cde-0e25061b1a65,62674389,מעלה גלבוע,a755f8a2-f3cd-4962-a23c-62b32b619898,E360CT,מ.ייצור לול קרוב ה',20,40.0000,62674386,לול קרוב ה
5e171751-665d-4b59-9beb-c215db9ddccd,62674392,מעלה גלבוע,a755f8a2-f3cd-4962-a23c-62b32b619898,E360CT,מ.ייצור לול 6,20,50.0000,82375714,לול רחוק 6
eb26e81c-5de5-4281-9f9f-a9fb9ccfb352,62674393,מעלה גלבוע,a755f8a2-f3cd-4962-a23c-62b32b619898,E360CT,מ.ייצור סככת חולבות חדשה,20,32.0000,82375721,רפת חולבות חדשה
c83affb7-7cd3-4900-8679-03144ba5ef42,82375711,מעלה גלבוע,a755f8a2-f3cd-4962-a23c-62b32b619898,E360CT,מונה ייצור לול רחוק 5 חדש,20,50.0000,82375713,לול רחוק 5 חדש
20745a16-9e94-45e5-8e29-738deec02c28,59965594,משואות יצחק,7e1ce0e8-5ac6-401e-a525-53ebe5f0d62a,E360PP,לעדכן כתובת,20,1.0000,62674416,סולארי גג חנות מגבונים
4bd1adc6-9989-4539-9ef7-aaa6f87d173d,61264486,משואות יצחק,7e1ce0e8-5ac6-401e-a525-53ebe5f0d62a,E360PP,גג  סולארי צרכניה,20,20.0000,50977316,סולארי גג צרכניה
4f557e20-d156-4c9f-a529-bd672871f89f,61264500,משואות יצחק,7e1ce0e8-5ac6-401e-a525-53ebe5f0d62a,E360PP,גג מפגשים,20,20.0000,,סולארי גג מפגשים
e03098bc-76ce-4277-bc52-1d19ec98c5c6,61264503,משואות יצחק,7e1ce0e8-5ac6-401e-a525-53ebe5f0d62a,E360PP,סולארי רפת 9 B,20,50.0000,81386834,רפת סולארי 9(B)
3626458f-dd07-4ea5-8dec-e1d1995b37f4,62674376,משואות יצחק,7e1ce0e8-5ac6-401e-a525-53ebe5f0d62a,E360CT,יצרן קירור אבוקדו,20,100.0000,56698331,סולארי אבוקדו קירור
89722963-893d-4389-8c6f-f1022911cc93,70242368,משואות יצחק,7e1ce0e8-5ac6-401e-a525-53ebe5f0d62a,E360CT,יצור D 11,20,50.0000,58126841,רפת סולארי 11 (D)
8a0cb631-b6de-4b3a-a81a-6312e784bffd,70242378,משואות יצחק,7e1ce0e8-5ac6-401e-a525-53ebe5f0d62a,E360CT,ייצור רפת C,20,32.0000,54398387,רפת סולארי 7 (C)
b7a95286-e55b-45f1-87f6-3d5be4e0ed45,70242389,משואות יצחק,7e1ce0e8-5ac6-401e-a525-53ebe5f0d62a,E360CT,סולארי גדול עלבד,23,200.0000,4912544,סולארי עלבד גדול תמחירי
512ff4cf-4bc7-442c-a02e-42b300c1e0c8,82375694,משואות יצחק,7e1ce0e8-5ac6-401e-a525-53ebe5f0d62a,E360CT,מונה יצור רפת A1+2,23,120.0000,4754891,סולארי רפת A
53866c09-1d90-4cf6-9a36-cec019f884f1,82375696,משואות יצחק,7e1ce0e8-5ac6-401e-a525-53ebe5f0d62a,E360CT,סולארי בית אריזה,20,32.0000,82375692,סולארי בית אריזה
1f85dae8-0889-4655-9173-880d3f6eddb2,82375734,משואות יצחק,7e1ce0e8-5ac6-401e-a525-53ebe5f0d62a,E360CT,סולארי לול 2 צפון,20,50.0000,6454065,סולארי לול 2 צפון
7bfbdbaf-b715-41cb-8105-bedb3e90a70d,82375737,משואות יצחק,7e1ce0e8-5ac6-401e-a525-53ebe5f0d62a,E360CT,סולארי לול 2 דרום,20,50.0000,6454065,סולארי לול 2 דרום
9131f269-dc47-46c5-a153-2b2ab33644b2,71211935,משמר השרון,800f1b97-c7ae-425b-bf01-f4a17c028f8b,E360PP,632,20,1.0000,211397,סולארי ברית נעמן
735e6a10-7cda-48fb-aadb-30439848bbb6,71211936,משמר השרון,800f1b97-c7ae-425b-bf01-f4a17c028f8b,E360PP,637,20,1.0000,211236,סולארי שמעון חביב
c5fc3054-85c1-44ff-986f-bb2d9d304209,71211937,משמר השרון,800f1b97-c7ae-425b-bf01-f4a17c028f8b,E360PP,636,20,1.0000,211242,סולארי אשר טל
8fd648eb-3731-462c-8903-036f79e0dd3e,71211938,משמר השרון,800f1b97-c7ae-425b-bf01-f4a17c028f8b,E360PP,634,20,1.0000,211227,סולארי ליאן גארסיה
fe247a7a-8c89-4bec-9b47-979338c8e1bf,71211939,משמר השרון,800f1b97-c7ae-425b-bf01-f4a17c028f8b,E360PP,642,20,1.0000,,סולארי חגי גוברמן
ee781a30-0206-4a43-80df-428f592d47bb,71212150,משמר השרון,800f1b97-c7ae-425b-bf01-f4a17c028f8b,E360PP,338/0,20,1.0000,26041850,סולארי זוהר שאולי
7b566cb2-38e8-4bfb-8087-4dbefa144baf,71212153,משמר השרון,800f1b97-c7ae-425b-bf01-f4a17c028f8b,E360PP,624,20,1.0000,212092,סולארי עוז בר יוסף
3cb7d38f-0320-455a-b8b2-57a2602c5490,71212154,משמר השרון,800f1b97-c7ae-425b-bf01-f4a17c028f8b,E360PP,641,20,1.0000,,סולארי רן יקיר
8c27f4e9-4a94-436d-883c-ecabef93801f,71212157,משמר השרון,800f1b97-c7ae-425b-bf01-f4a17c028f8b,E360PP,630,20,1.0000,211446,סולארי ליאור וקסלר
fc7de81b-3e17-4f6b-ab88-36d643f1c766,71212165,משמר השרון,800f1b97-c7ae-425b-bf01-f4a17c028f8b,E360PP,648,20,1.0000,211299,סולארי דוד בוחניק
fb4335b2-7673-45dd-b3d2-eaac35f20686,71212168,משמר השרון,800f1b97-c7ae-425b-bf01-f4a17c028f8b,E360PP,משמר השרון,20,1.0000,26040765,סולארי מוטי פאר
18e1e900-0899-4e20-94bf-e88a5d136e0a,71212171,משמר השרון,800f1b97-c7ae-425b-bf01-f4a17c028f8b,E360PP,משמר השרון,20,1.0000,26041609,סולארי יובל ביאליק
1af57711-0354-4274-be90-0ad9ee97c894,71212174,משמר השרון,800f1b97-c7ae-425b-bf01-f4a17c028f8b,E360PP,משמר השרון,20,1.0000,211248,סולארי יואב יקיר
72c60bd8-6eda-4944-9e71-c99c1ddaaea4,71212175,משמר השרון,800f1b97-c7ae-425b-bf01-f4a17c028f8b,E360PP,631,20,1.0000,211148,סולארי מיכאל נווט
3367157f-91c1-4623-8cc5-b6d41c167761,71212176,משמר השרון,800f1b97-c7ae-425b-bf01-f4a17c028f8b,E360PP,משמר השרון,20,1.0000,,סולארי גדי ברקאי
47edd3c0-eee2-4a10-852b-8b634e38289b,71212205,משמר השרון,800f1b97-c7ae-425b-bf01-f4a17c028f8b,E360PP,623,20,1.0000,,סולארי עמית באור
36ac2198-a6c5-4ff3-9bfc-6b0b60aa019c,59965622,מתחם חינוך שער הנגב,1eaeb274-7227-46e0-b9ff-31b674ebaaf9,E360PP,קשת 18 (יצרן),20,1.0000,59728242,יצרן קשת - 18
86274f19-f072-4a74-a922-20c9f2b26256,59965623,מתחם חינוך שער הנגב,1eaeb274-7227-46e0-b9ff-31b674ebaaf9,E360PP,קשת 19 (יצרן),20,1.0000,59728229,יצרן קשת 19
0331fec4-fb8f-40b0-9bb0-12362b73804c,59965630,מתחם חינוך שער הנגב,1eaeb274-7227-46e0-b9ff-31b674ebaaf9,E360PP,יצרן תיכון כחול,20,1.0000,60555295,יצרן תיכון כחול
787637f3-6f84-4cd7-8590-0589f22e4c93,59965632,מתחם חינוך שער הנגב,1eaeb274-7227-46e0-b9ff-31b674ebaaf9,E360PP,יצרן תיכון צהוב,20,1.0000,60555295,יצרן תיכון צהוב
513b9dd0-d99e-4483-a347-cd251c0763cb,59965634,מתחם חינוך שער הנגב,1eaeb274-7227-46e0-b9ff-31b674ebaaf9,E360PP,אולם ספורט ישן יצרן,20,1.0000,61230675,אולם ספורט ישן - יצרן
56de0354-12cf-4a80-8b59-1e289545f366,59965635,מתחם חינוך שער הנגב,1eaeb274-7227-46e0-b9ff-31b674ebaaf9,E360PP,יצרן תיכון אדום,20,1.0000,60555295,יצרן תיכון אדום
5b0e4b4d-cc31-44ad-98cd-5fcf42c44d06,59965637,מתחם חינוך שער הנגב,1eaeb274-7227-46e0-b9ff-31b674ebaaf9,E360PP,יצרן תיכון מנהלה,20,1.0000,60555295,יצרן תיכון מנהלה
d76e8ccf-01ac-4452-a9ce-cb0d3b5aeab3,59965638,מתחם חינוך שער הנגב,1eaeb274-7227-46e0-b9ff-31b674ebaaf9,E360PP,קשת מנהלה 17 (יצרן),20,1.0000,59728243,יצרן קשת מנהלה- 17
c700d80c-8470-4faf-8c8f-9417cf714555,59965639,מתחם חינוך שער הנגב,1eaeb274-7227-46e0-b9ff-31b674ebaaf9,E360PP,יצרן תיכון מרכז מדעים,20,1.0000,60555295,יצרן תיכון מרכז מדעים
55d9c7aa-dea3-448b-a723-ca51e7adda72,59965640,מתחם חינוך שער הנגב,1eaeb274-7227-46e0-b9ff-31b674ebaaf9,E360PP,"אשכול 15 בי""ס אלונים (יצרן)",20,1.0000,60555289,יצרן אלונים 15
b337e8b8-c0e0-4f81-b848-0ba594f0a6a9,59965641,מתחם חינוך שער הנגב,1eaeb274-7227-46e0-b9ff-31b674ebaaf9,E360PP,יצרן תיכון כתום,20,1.0000,60555295,יצרן תיכון כתום
9c5f0c78-d416-4d11-b2e0-4c2aa3595b0b,59965666,מתחם חינוך שער הנגב,1eaeb274-7227-46e0-b9ff-31b674ebaaf9,E360PP,אשכול 12 אלונים (יצרן),20,1.0000,60555308,יצרן אלונים 12
b38d3500-5781-4fd9-ba2d-c36010991316,59965667,מתחם חינוך שער הנגב,1eaeb274-7227-46e0-b9ff-31b674ebaaf9,E360PP,אשכול 13 אלונים (יצרן),20,1.0000,60555287,יצרן אלונים 13
65d40b3f-9d4d-4d4a-9705-8444eee4c1c3,59965668,מתחם חינוך שער הנגב,1eaeb274-7227-46e0-b9ff-31b674ebaaf9,E360PP,אשכול 10 אלונים (יצרן),20,1.0000,59728240,יצרן אלונים 10
9e6e9dc0-80de-4201-ba6f-baf6826ea34b,59965669,מתחם חינוך שער הנגב,1eaeb274-7227-46e0-b9ff-31b674ebaaf9,E360PP,אשכול 11 אלונים (יצרן),20,1.0000,58126874,יצרן אלונים 11
6d7eb810-ed7a-4499-87d6-e2e04a8aea73,59965670,מתחם חינוך שער הנגב,1eaeb274-7227-46e0-b9ff-31b674ebaaf9,E360PP,"אשכול 14 בי""ס אלונים (יצרן)",20,1.0000,60555311,יצרן אלונים 14
f595d21c-aa2a-46db-b431-15994208abc7,59965671,מתחם חינוך שער הנגב,1eaeb274-7227-46e0-b9ff-31b674ebaaf9,E360PP,יצרן תיכון ירוק,20,1.0000,60555295,יצרן תיכון ירוק
86e72de7-925e-4793-8827-51c800d10f72,59965672,מתחם חינוך שער הנגב,1eaeb274-7227-46e0-b9ff-31b674ebaaf9,E360PP,יצרן) אשכול 16 אלונים),20,1.0000,60555292,יצרן)  אשכול 16  אלונים)
42565b0a-f710-4771-94b5-3d1e4bc54de7,59965673,מתחם חינוך שער הנגב,1eaeb274-7227-46e0-b9ff-31b674ebaaf9,E360PP,יצרן תיכון סגול,20,1.0000,60555295,יצרן תיכון סגול
a00f42fc-9daf-48c7-91ad-ebbe3723dfc6,75604434,מתחם חינוך שער הנגב,1eaeb274-7227-46e0-b9ff-31b674ebaaf9,E360CT,מרכז צעירים חדש - יצרן,20,60.0000,60555300,צרכז צעירים חדש יצרן
db84049d-f0c2-454b-9994-073b9a2eba78,59965690,ניצנים,ae9ac4c6-119e-496c-9aad-331e95a2551d,E360PP,סולארי אורמש בית קירור (בית קירור),20,1.0000,68369301,סולארי אורמש בית קירור
8b8c2bec-ee6e-4418-bb1e-cd1a69423faf,62674466,ניצנים,ae9ac4c6-119e-496c-9aad-331e95a2551d,E360PP,סולארי מערכת ישנה - חדש,20,1.0000,68369258,סולארי מערכת ישנה
17fb1caa-12fa-4944-b6c2-03c8997a1f45,66248045,ניצנים,ae9ac4c6-119e-496c-9aad-331e95a2551d,E360CT,מבנה 19 - יצרן,20,80.0000,68369249,ניצנים רפת 19
f298ddf3-feba-49df-a9d7-8a1310b9205a,66248049,ניצנים,ae9ac4c6-119e-496c-9aad-331e95a2551d,E360CT,מתבן רפת 13 - יצרן,20,80.0000,66248060,ניצנים רפת 13
c091c8c3-07b2-430d-a1ae-aaf2fefd51c3,66248053,ניצנים,ae9ac4c6-119e-496c-9aad-331e95a2551d,E360CT,יונקייה - יצרן,20,32.0000,68369262,ניצנים יונקיה 14
e934dc50-38ea-4018-9c7e-66d5f29f5904,66248054,ניצנים,ae9ac4c6-119e-496c-9aad-331e95a2551d,E360CT,מתבן 8 מערבי - יצרן,20,20.0000,68369247,ניצנים מתבן 8
03d3a98d-d49c-4755-9356-786868c1c8b4,66248058,ניצנים,ae9ac4c6-119e-496c-9aad-331e95a2551d,E360CT,מתבן 9 צפוני - יצרן,20,20.0000,66248056,ניצנים מתבן 9
b5ff2b1c-c40d-4cb8-b2f5-21ec0514c4e8,68369251,ניצנים,ae9ac4c6-119e-496c-9aad-331e95a2551d,E360CT,מתבן 11 דרומי - יצרן,20,20.0000,68369252,ניצנים מתבן 11
9f112425-8810-49cc-9f33-570bf0234412,68369253,ניצנים,ae9ac4c6-119e-496c-9aad-331e95a2551d,E360CT,מתבן 10 אמצעי - יצרן,20,32.0000,68369257,ניצנים מתבן 10
1bd1eff3-ea1b-4656-ae53-0390994128c6,68369256,ניצנים,ae9ac4c6-119e-496c-9aad-331e95a2551d,E360CT,מבנה 15 - יצרן,20,50.0000,68369258,ניצנים רפת 15
ce3e48ac-d206-4802-9dfd-e87a5467e359,68369311,ניצנים,ae9ac4c6-119e-496c-9aad-331e95a2551d,E360CT,מבנה 16 - יצרן,20,80.0000,68369250,ניצנים רפת 16
89d73f52-8ca3-4950-b94b-5c9cabbbc5a3,68369312,ניצנים,ae9ac4c6-119e-496c-9aad-331e95a2551d,E360CT,מבנה 18 - יצרן,20,80.0000,68369254,ניצנים רפת 18
f4dcb80d-23c5-4c1d-a797-7c0a51742e87,62674354,עין המפרץ,5535f354-7a39-4364-a929-e16ad8e4bd07,E360CT,מע' סולארית ישנה - ייצור נטו,21,200.0000,65906583,מע' סולארית ישנה ייצור
d67b2886-0ac2-45cb-b7fb-4a184d15e4be,62674356,עין המפרץ,5535f354-7a39-4364-a929-e16ad8e4bd07,E360CT,רפת צפונית - ייצור 4A,20,80.0000,62674355,רפת צפונית 4 A - ייצור
aa5ee5ef-b93c-46c1-adcd-3ac8507ba19a,62674362,עין המפרץ,5535f354-7a39-4364-a929-e16ad8e4bd07,E360CT,רפת דרומית - ייצור 8,20,50.0000,65906592,רפת דרומית 8 - ייצור
e043eadd-ee16-43f6-a6a8-d9041f5eee53,62674363,עין המפרץ,5535f354-7a39-4364-a929-e16ad8e4bd07,E360CT,רפת 10 דרום 14 - ייצור,20,50.0000,62674369,רפת 10 דרום - ייצור
0675d01e-e2d4-42ff-9785-1dba0e5f926e,62674364,עין המפרץ,5535f354-7a39-4364-a929-e16ad8e4bd07,E360CT,"גד""ש יען סככה - ייצור",20,50.0000,62674401,גד''ש יען - ייצור
833dd033-22ea-4d92-9717-90bc6563fc14,62674368,עין המפרץ,5535f354-7a39-4364-a929-e16ad8e4bd07,E360CT,רפת דרומית - ייצור 11,20,80.0000,62674359,רפת דרומית 11 - ייצור
fc6e0393-a8f0-4b65-b15a-28e9e78a4c0e,62674399,עין המפרץ,5535f354-7a39-4364-a929-e16ad8e4bd07,E360CT,מחסן לול - ייצור,20,50.0000,62674358,סככת לול ייצור
c8541a2b-30db-4bbd-a8aa-7a1e8dd589a1,62674400,עין המפרץ,5535f354-7a39-4364-a929-e16ad8e4bd07,E360CT,רפת 7 דרומית יונקיה - ייצור,20,80.0000,62674367,רפת דרומית יונקיה 7 - ייצור
1bada7b7-7fa6-4590-99ae-789de5b78914,65906585,עין המפרץ,5535f354-7a39-4364-a929-e16ad8e4bd07,E360CT,רפת צפונית - ייצור 3,20,80.0000,65906588,רפת צפונית - ייצור 3
dced53c3-fc0b-4bf8-90cc-bfb632a45418,65906586,עין המפרץ,5535f354-7a39-4364-a929-e16ad8e4bd07,E360CT,רפת צפונית - ייצור 1A,20,80.0000,65906590,רפת צפונית - ייצור 1A
2d50f1f9-4e49-4ba5-81a4-3584311574ea,65906587,עין המפרץ,5535f354-7a39-4364-a929-e16ad8e4bd07,E360CT,רפת צפונית - ייצור 1B,20,50.0000,65906591,רפת צפונית - ייצור 1B
0cc39a81-e981-4b6e-ba91-20a643ebdb91,65906589,עין המפרץ,5535f354-7a39-4364-a929-e16ad8e4bd07,E360CT,רפת צפונית - ייצור 2,20,80.0000,65906584,רפת צפונית - ייצור 2
7fddb059-dc75-453f-a4c3-06ee5d8bca57,65906593,עין המפרץ,5535f354-7a39-4364-a929-e16ad8e4bd07,E360CT,רפת צפונית - ייצור 4B,20,80.0000,65906594,רפת צפונית - ייצור 4B
e1064413-61d5-4a81-a57d-a5609c1658ad,65906595,עין המפרץ,5535f354-7a39-4364-a929-e16ad8e4bd07,E360CT,מדגה הייזי - ייצור,20,80.0000,65906597,מדגה הייזי - ייצור
4fff727c-38a2-4ef2-bfef-6cff5ff43c75,86604384,עין השופט,0ab92b61-53fc-426d-ac44-67f3406b87fb,E360PP,מתבן מזרחי - ייצור (אסם),20,1.0000,58126853,סולארי תעריפי מתבן מזרחי - יצרן
4f32b3bc-87eb-4daa-bc60-65b4d49bea3c,70242365,עין השופט,0ab92b61-53fc-426d-ac44-67f3406b87fb,E360CT,ייצור מערכת צפונית חדשה תחת שנאי1מברג דרום,23,120.0000,58126851,סולארי מברג מרכזית - יצרן
d70ca0f7-26d3-4b1b-9815-de08dca11825,70242366,עין השופט,0ab92b61-53fc-426d-ac44-67f3406b87fb,E360CT,ייצור 1 מערכת ישנה דרומית תחת שנאי1 מברג דרום,20,50.0000,58126851,מברג דרום תעריפית עין השופט ב.א - מערכת 1
b68af8f5-0520-4f55-98ca-c5de33ee3d8c,70242367,עין השופט,0ab92b61-53fc-426d-ac44-67f3406b87fb,E360CT,מחסנים מיברג דרום שנאי2 ייצור,20,32.0000,58126878,סולארי תעריפית מחסנים מברג דרום (שנאי 2) - יצרן
93a900e6-0644-4f15-8701-33e78163a35f,70242371,עין השופט,0ab92b61-53fc-426d-ac44-67f3406b87fb,E360CT,אלתם - מכבשים מונה ייצור,20,32.0000,1047026,סולארי תעריפי אלתם חלק א - יצרן (ישירות תחת השנאי)
8868ca33-a846-4729-a31f-a4c09a97932c,70242372,עין השופט,0ab92b61-53fc-426d-ac44-67f3406b87fb,E360CT,גג סולארי מאג שנאי 1 ייצור,20,32.0000,58126851,סולארי תעריפי מעל מאג (שנאי2) - יצרן
53b99c57-3299-4718-9ce5-abdb2f947dba,70242388,עין השופט,0ab92b61-53fc-426d-ac44-67f3406b87fb,E360CT,סולארי 1 תחת מברג צפון,20,50.0000,1784570,סולארי תעריפי מברג צפון - יצרן מערכת 2
bb7f60d7-5b1d-4623-965f-7fbecb0e2cdd,75604435,עין השופט,0ab92b61-53fc-426d-ac44-67f3406b87fb,E360CT,סככה רפת דרום שנאי2 ייצור,20,32.0000,58126878,סולארי תעריפי רפת דרום (מברג דרום שנאי2) - יצרן
8c5ad887-e7cc-4bc3-8e6f-f8f3b535bf19,82375739,עין השופט,0ab92b61-53fc-426d-ac44-67f3406b87fb,E360CT,אלתם מערבית תעריפית חלק ב' (4),20,32.0000,1047026,סולארי תעריפי אלתם חלק ב - יצרן
96058a28-5940-4ffc-9539-a959dfdab5bb,68369299,רמות מנשה,b5f691ab-6941-481b-860c-adb1d4532cf5,E360CT,רפת סככה צפונית - כלוב,20,200.0000,1401596,רפת סככה צפונית 200 קילו
fcb575a0-53f3-4e64-b8df-92ed8c6e5442,42695002,שלוחות,9a0ba3d3-b7f2-4597-b3ee-3537e4f8d75e,E360PP,מונה יצור גלעד בן זאב,20,1.0000,24011400,יצרן בן זאב
61341139-523a-488f-8175-97c39bc81e1d,42695391,שלוחות,9a0ba3d3-b7f2-4597-b3ee-3537e4f8d75e,E360PP,מערכת קטנה חדר קיטור,20,1.0000,23830089,מערכת קטנה חדר קיטור - יצרן
5fa90103-0b87-4b55-b889-9eaaba7e309d,42695394,שלוחות,9a0ba3d3-b7f2-4597-b3ee-3537e4f8d75e,E360PP,303,20,1.0000,1228865-8,כהן גידי ואליס
56275ed3-5169-49c4-b0ff-7ba255ebe882,42695468,שלוחות,9a0ba3d3-b7f2-4597-b3ee-3537e4f8d75e,E360PP,יוחאי רבי יצרן,20,1.0000,23831379,יוחאי רבי יצרן
484e6b66-2e11-46a5-b90d-31d5aad7a18b,82375812,שלוחות,9a0ba3d3-b7f2-4597-b3ee-3537e4f8d75e,E360PP,מונה יצרן - מועלם,20,1.0000,1228865-4,מועלם יצרן
9332a75c-4158-4214-a8b8-9f4a0eb5db9f,82375813,שלוחות,9a0ba3d3-b7f2-4597-b3ee-3537e4f8d75e,E360PP,324 ייצור סולארי פרטי,20,1.0000,1228865-10,ביאלה צוריאל ותמי יצרן
aa1902d5-6771-4079-a060-380fa1abbb77,82375815,שלוחות,9a0ba3d3-b7f2-4597-b3ee-3537e4f8d75e,E360PP,309 ייצור סולארי פרטי,20,1.0000,1228865-2,מלאכי חנן ודקלה יצרן
832c2b55-7c99-4dce-8f61-8fdbece914bc,82375816,שלוחות,9a0ba3d3-b7f2-4597-b3ee-3537e4f8d75e,E360PP,77ב	 ייצור סולארי פרטי,20,1.0000,24012697,חרובי אילן ועידית יצרן
d7efac63-509b-49d1-ac6a-32dec886130f,82375818,שלוחות,9a0ba3d3-b7f2-4597-b3ee-3537e4f8d75e,E360PP,323 ייצור סולארי פרטי,20,1.0000,1228865-11,ורקר בנימין ועדי יצרן
83e808ac-1662-4585-87f2-73800e7b2b17,82375819,שלוחות,9a0ba3d3-b7f2-4597-b3ee-3537e4f8d75e,E360PP,308 ייצור סולארי פרטי,20,1.0000,1228865-3,תורן שלומית יצרן
726b8322-4834-4b23-b557-2aca642d8604,82375822,שלוחות,9a0ba3d3-b7f2-4597-b3ee-3537e4f8d75e,E360PP,78ב ייצור סולארי פרטי,20,1.0000,23829196,רביץ יוסי והלנה סולארי
f5011d6f-34ec-4898-a20d-739f25b14168,82375846,שלוחות,9a0ba3d3-b7f2-4597-b3ee-3537e4f8d75e,E360PP,ייצור אבישג גלעד,20,1.0000,1228865-9,מערכת יצור אבישג גלעד
f724f047-58e8-4659-b502-76d6d908eea2,86604382,שלוחות,9a0ba3d3-b7f2-4597-b3ee-3537e4f8d75e,E360PP,מערכת קטנה מתבן קטן,20,1.0000,,מערכת קטנה מתבן קטן - יצרן
3f5dcf23-e4e2-47a7-84a9-860a39d7b026,86604383,שלוחות,9a0ba3d3-b7f2-4597-b3ee-3537e4f8d75e,E360PP,מערכת קטנה לב הלולב,20,1.0000,23830101,מערכת קטנה לב הלולב - יצרן
44c2ed49-d45c-4858-81f5-ba9fd95cc31f,86604385,שלוחות,9a0ba3d3-b7f2-4597-b3ee-3537e4f8d75e,E360PP,מערכת קטנה מקלט תבור ב,20,1.0000,23829985,מערכת קטנה מקלט תבור ב - יצרן
06ca278f-b918-4598-b006-dfbc2c8d5cd3,86604389,שלוחות,9a0ba3d3-b7f2-4597-b3ee-3537e4f8d75e,E360PP,מונה יצור יהודה לב,20,1.0000,24011386,מונה יצור יהודה לב
588ea2b1-3e04-447b-a44d-27a30a220926,86604391,שלוחות,9a0ba3d3-b7f2-4597-b3ee-3537e4f8d75e,E360PP,ייצור מסאמי,20,1.0000,23831880,סולארי מסאמי
a5c6ea63-3bd1-4af2-a070-ac0d194aa8e5,81386815,שלוחות,9a0ba3d3-b7f2-4597-b3ee-3537e4f8d75e,E360CT,מונה יצור גג חדר אוכל,20,50.0000,1161375-8,ייצור גג חדר אוכל
0ac297b3-6894-4fa8-9c56-97c70acda5ed,70242478,שער הגולן,829c78e9-e497-47f4-9aa1-ee8f4bc1085c,E360PP,647,20,1.0000,51198978,יצרן מערכת סולארית תעריפית סככת יבשות
689480a7-6709-4b61-ab30-9d1aaf9258a0,68369272,שער הגולן,829c78e9-e497-47f4-9aa1-ee8f4bc1085c,E360CT,יצרן סולארי כלים חקלאיים,20,12.0000,68369273,יצרן סולארי כלים חקלאיים 
0f9051bd-f31e-4a6b-9a86-7148686a3c11,68369274,שער הגולן,829c78e9-e497-47f4-9aa1-ee8f4bc1085c,E360CT,יצרן סולארי סככת מים,20,50.0000,1585726,יצרן סולארי סככת מים
f51b1daa-717b-4175-8b86-7bf5b5e5aa17,68369276,שער הגולן,829c78e9-e497-47f4-9aa1-ee8f4bc1085c,E360CT,יצרן סולארי אבוקדו,20,50.0000,1585743,יצרן סולארי אבוקדו
cf216e1d-2306-4278-b9fc-373fc65ea5d5,68369277,שער הגולן,829c78e9-e497-47f4-9aa1-ee8f4bc1085c,E360CT,יצרן סולארי מתבן,20,50.0000,1651566,יצרן סולארי מתבן
2d31d1a3-333e-4529-a3fc-c05b58d290ae,68369278,שער הגולן,829c78e9-e497-47f4-9aa1-ee8f4bc1085c,E360CT,יצרן סולארי מסגריה,20,32.0000,1598782,יצרן סולארי מסגריה
f8fbe43d-dd8c-4d3a-a0a7-58764bb8372b,68369280,שער הגולן,829c78e9-e497-47f4-9aa1-ee8f4bc1085c,E360CT,יצרן סולארי רפת,20,80.0000,1651553,יצרן סולארי רפת
c6e76a29-6be4-484a-bd44-3b1893969925,68369285,שער הגולן,829c78e9-e497-47f4-9aa1-ee8f4bc1085c,E360CT,יצרן סולארי מגרש כדורסל,20,40.0000,1679158,יצרן סולארי מגרש כדורסל
cf91bbfd-d282-4925-ac31-04ae1b81b0e0,68369286,שער הגולן,829c78e9-e497-47f4-9aa1-ee8f4bc1085c,E360CT,יצרן סולארי לול,20,80.0000,1585745,יצרן סולארי לול
48ff602d-3e37-4200-9473-dda33967f056,59965684,תל קציר,6ec619fb-ee23-4a8d-b075-4c735ef61324,E360PP,גג חדר אוכל,20,1.0000,54398405,סולארי חדר אוכל
6b15a9bd-81a8-4f75-af8a-a5f4890fd34e,70242467,תל קציר,6ec619fb-ee23-4a8d-b075-4c735ef61324,E360PP,הראל אביאל ורחל - סולארי,23,1.0000,71212258,הראל אביאל ורחל - סולארי
25cd984d-ee1f-4ba4-af97-c22e89e580ba,81386976,תל קציר,6ec619fb-ee23-4a8d-b075-4c735ef61324,E360PP,יצרן סולארי-איילה,20,1.0000,,יצרן סולארי - איילה
9cce5ec7-c59a-40f7-9346-4e154c521aa6,81386977,תל קציר,6ec619fb-ee23-4a8d-b075-4c735ef61324,E360PP,יצרן סולארי - סייג מעיין וסימון,23,1.0000,42695457,סייג מעיין וסימון - סולארי
30a6ed15-7b8d-47c2-95f4-ee14a4f7ed2a,81386984,תל קציר,6ec619fb-ee23-4a8d-b075-4c735ef61324,E360PP,יצרן סולארי - שחר,20,1.0000,,(יצרן סולרי (שחר
1905f4e7-edbe-4bd1-9645-9e330f4c81e3,81386995,תל קציר,6ec619fb-ee23-4a8d-b075-4c735ef61324,E360PP,יצרן סולארי ספריה,20,1.0000,,יצרן סולארי - ספריה
85c3221c-9652-4075-a862-4c8a40c95797,81386996,תל קציר,6ec619fb-ee23-4a8d-b075-4c735ef61324,E360PP,יצרן סולארי מרפאה,20,1.0000,,יצרן סולארי- מרפאה
12a5bf0c-2159-4d43-812f-6896cafc73f3,81386999,תל קציר,6ec619fb-ee23-4a8d-b075-4c735ef61324,E360PP,יצרן סולארי תמנון,20,1.0000,,יצרן סולארי- תמנון
be80ac9e-fe50-454b-bd5b-82eef51c0bf5,82375898,תל קציר,6ec619fb-ee23-4a8d-b075-4c735ef61324,E360PP,(סולארי)- קזז גל ויקיר,23,1.0000,71212261,קזז גל ויקיר - סולארי
b8254ab6-2d9a-4777-85ed-dace3dbeeaf4,86604452,תל קציר,6ec619fb-ee23-4a8d-b075-4c735ef61324,E360PP,יצרן סולארי מחסן בגדים,20,1.0000,,מחסן בגדים
31e94e31-f88a-4511-85fb-a2427a8b41f2,86604453,תל קציר,6ec619fb-ee23-4a8d-b075-4c735ef61324,E360PP,יצרן סואלרי - שחף,20,1.0000,,יצרן סולארי - שחר
25c94236-39dd-48b9-8f0f-17d3168eb4e1,86604464,תל קציר,6ec619fb-ee23-4a8d-b075-4c735ef61324,E360PP,סולארי דולב,20,1.0000,,יצרן סולארי - דולב
39d381f0-3016-4312-b6bb-d394e041bc08,70242416,תל קציר,6ec619fb-ee23-4a8d-b075-4c735ef61324,E360SP,קורנפיין אלעד ושירה - סולארי,23,1.0000,75604466,קורנפיין אלעד ושירה- סולארי
363945c5-7e78-4fe9-a3f1-16422f7cba7c,70242419,תל קציר,6ec619fb-ee23-4a8d-b075-4c735ef61324,E360SP,אלידע אושרי וים (סולארי),23,1.0000,42695062,אלידע אושרי וים - סולרי
a36cefc0-1ef9-4723-83e2-0f843f0b1ef6,70242420,תל קציר,6ec619fb-ee23-4a8d-b075-4c735ef61324,E360SP,כהן גלעד ומירית-סולארי,23,1.0000,59965651,כהן גלעד ומירית - סולארי
02899b12-25f5-4a63-a8e8-f03781d932e6,70242480,תל קציר,6ec619fb-ee23-4a8d-b075-4c735ef61324,E360SP,מקמילן -סולארי,23,1.0000,71212278,מקמילן אדם וליה - סולארי
4d69bbc3-b15c-4434-9540-9e54fe37d316,75604447,תל קציר,6ec619fb-ee23-4a8d-b075-4c735ef61324,E360CT,יצרן סולארי - סככה 3,20,50.0000,75604452,סככה 3
cc49299a-6ba2-4fd8-bfad-40fa3fe79d95,75604451,תל קציר,6ec619fb-ee23-4a8d-b075-4c735ef61324,E360CT,יצרן סולארי - סככה 1,20,50.0000,75604453,סככה 1
b648a764-6090-4037-a166-6eee04d0627b,75604454,תל קציר,6ec619fb-ee23-4a8d-b075-4c735ef61324,E360CT,מגרש כדורסל - יצרן,20,50.0000,75604456,מגרש כדורסל
556ac3b3-c285-4509-b6c1-9b608bc84f6d,75604457,תל קציר,6ec619fb-ee23-4a8d-b075-4c735ef61324,E360CT,יצרן סולארי - סככה 2,20,50.0000,75604455,סככה 2
